100GOPRO-GOPR3166.JPG 0 0 0 1 0 0 0 0 0 0 0 0 1 0 0 0 0 0 0 0 0
100GOPRO-GOPR2956.JPG 0 0 0 1 0 0 0 0 0 0 0 0 0 0 0 0 0 0 0 0 0
100GOPRO-GOPR3059.JPG 0 0 0 1 0 0 0 0 0 0 0 0 0 0 0 0 0 0 0 0 0
100GOPRO-GOPR2681.JPG 1 1 1 1 1 1 1 1 1 1 1 1 1 1 1 1 1 1 1 1 1
100GOPRO-GOPR2656.JPG 1 1 1 1 1 1 1 1 1 1 1 1 1 1 1 1 1 1 1 1 1
100GOPRO-GOPR3573.JPG 1 1 0 1 0 0 0 0 0 1 0 0 1 0 0 0 0 1 0 1 0
100GOPRO-GOPR3475.JPG 0 1 0 1 0 0 0 0 0 1 0 0 1 0 0 0 0 1 0 1 0
100GOPRO-GOPR3554.JPG 1 1 0 1 0 0 0 0 0 1 0 0 1 0 0 0 0 1 0 1 0
100GOPRO-GOPR3414.JPG 0 1 0 1 0 0 0 0 0 0 0 0 1 0 0 0 0 1 0 1 0
100GOPRO-GOPR3279.JPG 0 1 0 1 0 0 0 0 0 0 0 0 1 0 0 0 0 1 0 0 0
100GOPRO-GOPR3489.JPG 0 1 0 1 0 0 0 0 0 1 0 0 1 0 0 0 0 1 0 1 0
100GOPRO-GOPR2669.JPG 1 1 1 1 1 1 1 1 1 1 1 1 1 1 1 1 1 1 1 1 1
100GOPRO-GOPR3075.JPG 0 0 0 1 0 0 0 0 0 0 0 0 0 0 0 0 0 0 0 0 0
100GOPRO-GOPR3443.JPG 0 1 0 1 0 0 0 0 0 0 0 0 1 0 0 0 0 1 0 1 0
100GOPRO-GOPR2549.JPG 1 1 1 1 1 1 1 1 1 1 1 1 1 1 1 1 1 1 1 1 1
100GOPRO-GOPR2621.JPG 1 1 1 1 1 1 1 1 1 1 1 1 1 1 1 1 1 1 1 1 1
100GOPRO-GOPR3032.JPG 0 0 0 1 0 0 0 0 0 0 0 0 0 0 0 0 0 0 0 0 0
100GOPRO-GOPR2957.JPG 0 0 0 1 0 0 0 0 0 0 0 0 0 0 0 0 0 0 0 0 0
100GOPRO-GOPR2686.JPG 1 1 1 1 1 1 1 1 1 1 1 1 1 1 1 1 1 1 1 1 1
100GOPRO-GOPR3591.JPG 1 1 0 1 0 0 0 0 0 1 0 0 1 0 0 0 0 1 0 1 0
100GOPRO-GOPR2606.JPG 1 1 1 1 1 1 1 1 1 1 1 1 1 1 1 1 1 1 1 1 1
100GOPRO-GOPR2820.JPG 0 0 1 1 1 1 1 1 1 0 1 0 1 1 1 1 1 1 1 1 1
100GOPRO-GOPR3646.JPG 1 1 0 1 0 0 0 1 0 1 0 0 1 0 0 1 0 1 0 1 0
100GOPRO-GOPR2657.JPG 1 1 1 1 1 1 1 1 1 1 1 1 1 1 1 1 1 1 1 1 1
100GOPRO-GOPR3180.JPG 0 0 0 1 1 0 0 0 0 0 0 0 1 0 0 0 0 0 0 0 0
100GOPRO-GOPR3130.JPG 0 0 0 1 0 0 0 0 0 0 0 0 0 0 0 0 0 0 0 0 0
100GOPRO-GOPR2790.JPG 0 0 1 1 1 1 1 1 1 0 1 0 1 1 1 1 1 1 1 1 1
100GOPRO-GOPR3441.JPG 0 1 0 1 0 0 0 0 0 0 0 0 1 0 0 0 0 1 0 1 0
100GOPRO-GOPR3240.JPG 0 1 0 1 0 0 0 0 0 0 0 0 1 0 0 0 0 1 0 0 0
100GOPRO-GOPR3722.JPG 1 1 0 1 0 0 1 1 0 1 1 0 1 0 0 1 0 1 0 1 0
100GOPRO-GOPR3529.JPG 1 1 0 1 0 0 0 0 0 1 0 0 1 0 0 0 0 1 0 1 0
100GOPRO-GOPR3720.JPG 1 1 0 1 0 0 1 1 0 1 1 0 1 0 0 1 0 1 0 1 0
100GOPRO-GOPR3464.JPG 0 1 0 1 0 0 0 0 0 1 0 0 1 0 0 0 0 1 0 1 0
100GOPRO-GOPR3226.JPG 0 1 0 1 0 0 0 0 0 0 0 0 1 0 0 0 0 1 0 0 0
100GOPRO-GOPR3463.JPG 0 1 0 1 0 0 0 0 0 1 0 0 1 0 0 0 0 1 0 1 0
100GOPRO-GOPR3123.JPG 0 0 0 1 0 0 0 0 0 0 0 0 0 0 0 0 0 0 0 0 0
100GOPRO-GOPR3179.JPG 0 0 0 1 1 0 0 0 0 0 0 0 1 0 0 0 0 0 0 0 0
100GOPRO-GOPR3176.JPG 0 0 0 1 1 0 0 0 0 0 0 0 1 0 0 0 0 0 0 0 0
100GOPRO-GOPR3359.JPG 0 1 0 1 0 0 0 0 0 0 0 0 1 0 0 0 0 1 0 0 0
100GOPRO-GOPR2536.JPG 1 1 1 1 1 1 1 1 1 1 1 1 1 1 1 1 1 1 1 1 1
100GOPRO-GOPR3574.JPG 1 1 0 1 0 0 0 0 0 1 0 0 1 0 0 0 0 1 0 1 0
100GOPRO-GOPR3458.JPG 0 1 0 1 0 0 0 0 0 1 0 0 1 0 0 0 0 1 0 1 0
100GOPRO-GOPR3718.JPG 1 1 0 1 0 0 1 1 0 1 1 0 1 0 0 1 0 1 0 1 0
100GOPRO-GOPR2722.JPG 0 0 1 1 1 1 1 1 1 1 1 1 1 1 1 1 1 1 1 1 1
100GOPRO-GOPR3078.JPG 0 0 0 1 0 0 0 0 0 0 0 0 0 0 0 0 0 0 0 0 0
100GOPRO-GOPR3666.JPG 1 1 0 1 0 0 0 1 0 1 0 0 1 0 0 1 0 1 0 1 0
100GOPRO-GOPR3641.JPG 1 1 0 1 0 0 0 1 0 1 0 0 1 0 0 1 0 1 0 1 0
100GOPRO-GOPR3490.JPG 0 1 0 1 0 0 0 0 0 1 0 0 1 0 0 0 0 1 0 1 0
100GOPRO-GOPR3071.JPG 0 0 0 1 0 0 0 0 0 0 0 0 0 0 0 0 0 0 0 0 0
100GOPRO-GOPR2597.JPG 1 1 1 1 1 1 1 1 1 1 1 1 1 1 1 1 1 1 1 1 1
100GOPRO-GOPR3544.JPG 1 1 0 1 0 0 0 0 0 1 0 0 1 0 0 0 0 1 0 1 0
100GOPRO-GOPR3629.JPG 1 1 0 1 0 0 0 1 0 1 0 0 1 0 0 0 0 1 0 1 0
100GOPRO-GOPR3402.JPG 0 1 0 1 0 0 0 0 0 0 0 0 1 0 0 0 0 1 0 1 0
100GOPRO-GOPR2559.JPG 1 1 1 1 1 1 1 1 1 1 1 1 1 1 1 1 1 1 1 1 1
100GOPRO-GOPR2744.JPG 0 0 1 1 1 1 1 1 1 1 1 1 1 1 1 1 1 1 1 1 1
100GOPRO-GOPR3711.JPG 1 1 0 1 0 0 1 1 0 1 1 0 1 0 0 1 0 1 0 1 0
100GOPRO-GOPR3112.JPG 0 0 0 1 0 0 0 0 0 0 0 0 0 0 0 0 0 0 0 0 0
100GOPRO-GOPR2625.JPG 1 1 1 1 1 1 1 1 1 1 1 1 1 1 1 1 1 1 1 1 1
100GOPRO-GOPR3272.JPG 0 1 0 1 0 0 0 0 0 0 0 0 1 0 0 0 0 1 0 0 0
100GOPRO-GOPR3352.JPG 0 1 0 1 0 0 0 0 0 0 0 0 1 0 0 0 0 1 0 0 0
100GOPRO-GOPR3162.JPG 0 0 0 1 0 0 0 0 0 0 0 0 1 0 0 0 0 0 0 0 0
100GOPRO-GOPR3314.JPG 0 1 0 1 0 0 0 0 0 0 0 0 1 0 0 0 0 1 0 0 0
100GOPRO-GOPR3508.JPG 1 1 0 1 0 0 0 0 0 1 0 0 1 0 0 0 0 1 0 1 0
100GOPRO-GOPR3427.JPG 0 1 0 1 0 0 0 0 0 0 0 0 1 0 0 0 0 1 0 1 0
100GOPRO-GOPR2509.JPG 1 1 1 1 1 1 1 1 1 1 1 1 1 1 1 1 1 1 1 1 1
100GOPRO-GOPR3337.JPG 0 1 0 1 0 0 0 0 0 0 0 0 1 0 0 0 0 1 0 0 0
100GOPRO-GOPR3066.JPG 0 0 0 1 0 0 0 0 0 0 0 0 0 0 0 0 0 0 0 0 0
100GOPRO-GOPR3088.JPG 0 0 0 1 0 0 0 0 0 0 0 0 0 0 0 0 0 0 0 0 0
100GOPRO-GOPR3671.JPG 1 1 0 1 0 0 0 1 0 1 0 0 1 0 0 1 0 1 0 1 0
100GOPRO-GOPR2750.JPG 0 0 1 1 1 1 1 1 1 1 1 1 1 1 1 1 1 1 1 1 1
100GOPRO-GOPR2718.JPG 0 0 1 1 1 1 1 1 1 1 1 1 1 1 1 1 1 1 1 1 1
100GOPRO-GOPR3202.JPG 0 0 0 1 0 0 0 0 0 0 0 0 1 0 0 0 0 1 0 0 0
100GOPRO-GOPR2479.JPG 1 1 1 1 1 1 1 1 1 1 1 1 1 1 1 1 1 1 1 1 1
100GOPRO-GOPR3076.JPG 0 0 0 1 0 0 0 0 0 0 0 0 0 0 0 0 0 0 0 0 0
100GOPRO-GOPR3243.JPG 0 1 0 1 0 0 0 0 0 0 0 0 1 0 0 0 0 1 0 0 0
100GOPRO-GOPR2753.JPG 0 0 1 1 1 1 1 1 1 1 1 1 1 1 1 1 1 1 1 1 1
100GOPRO-GOPR2678.JPG 1 1 1 1 1 1 1 1 1 1 1 1 1 1 1 1 1 1 1 1 1
100GOPRO-GOPR2830.JPG 0 0 1 1 1 0 1 1 1 0 1 0 1 0 0 1 1 1 1 1 0
100GOPRO-GOPR2951.JPG 0 0 0 1 0 0 0 0 0 0 0 0 0 0 0 0 0 0 0 0 0
100GOPRO-GOPR3329.JPG 0 1 0 1 0 0 0 0 0 0 0 0 1 0 0 0 0 1 0 0 0
100GOPRO-GOPR3297.JPG 0 1 0 1 0 0 0 0 0 0 0 0 1 0 0 0 0 1 0 0 0
100GOPRO-GOPR3684.JPG 1 1 0 1 0 0 0 1 0 1 0 0 1 0 0 1 0 1 0 1 0
100GOPRO-GOPR3165.JPG 0 0 0 1 0 0 0 0 0 0 0 0 1 0 0 0 0 0 0 0 0
100GOPRO-GOPR2767.JPG 0 0 1 1 1 1 1 1 1 1 1 1 1 1 1 1 1 1 1 1 1
100GOPRO-GOPR2976.JPG 0 0 0 1 0 0 0 0 0 0 0 0 0 0 0 0 0 0 0 0 0
100GOPRO-GOPR3374.JPG 0 1 0 1 0 0 0 0 0 0 0 0 1 0 0 0 0 1 0 1 0
100GOPRO-GOPR3515.JPG 1 1 0 1 0 0 0 0 0 1 0 0 1 0 0 0 0 1 0 1 0
100GOPRO-GOPR3283.JPG 0 1 0 1 0 0 0 0 0 0 0 0 1 0 0 0 0 1 0 0 0
100GOPRO-GOPR3152.JPG 0 0 0 1 0 0 0 0 0 0 0 0 1 0 0 0 0 0 0 0 0
100GOPRO-GOPR3265.JPG 0 1 0 1 0 0 0 0 0 0 0 0 1 0 0 0 0 1 0 0 0
100GOPRO-GOPR3582.JPG 1 1 0 1 0 0 0 0 0 1 0 0 1 0 0 0 0 1 0 1 0
100GOPRO-GOPR3175.JPG 0 0 0 1 1 0 0 0 0 0 0 0 1 0 0 0 0 0 0 0 0
100GOPRO-GOPR2580.JPG 1 1 1 1 1 1 1 1 1 1 1 1 1 1 1 1 1 1 1 1 1
100GOPRO-GOPR3214.JPG 0 1 0 1 0 0 0 0 0 0 0 0 1 0 0 0 0 1 0 0 0
100GOPRO-GOPR2540.JPG 1 1 1 1 1 1 1 1 1 1 1 1 1 1 1 1 1 1 1 1 1
100GOPRO-GOPR3501.JPG 0 1 0 1 0 0 0 0 0 1 0 0 1 0 0 0 0 1 0 1 0
100GOPRO-GOPR3483.JPG 0 1 0 1 0 0 0 0 0 1 0 0 1 0 0 0 0 1 0 1 0
100GOPRO-GOPR3496.JPG 0 1 0 1 0 0 0 0 0 1 0 0 1 0 0 0 0 1 0 1 0
100GOPRO-GOPR3141.JPG 0 0 0 1 0 0 0 0 0 0 0 0 1 0 0 0 0 0 0 0 0
100GOPRO-GOPR3585.JPG 1 1 0 1 0 0 0 0 0 1 0 0 1 0 0 0 0 1 0 1 0
100GOPRO-GOPR3499.JPG 0 1 0 1 0 0 0 0 0 1 0 0 1 0 0 0 0 1 0 1 0
100GOPRO-GOPR2654.JPG 1 1 1 1 1 1 1 1 1 1 1 1 1 1 1 1 1 1 1 1 1
100GOPRO-GOPR2982.JPG 0 0 0 1 0 0 0 0 0 0 0 0 0 0 0 0 0 0 0 0 0
100GOPRO-GOPR3382.JPG 0 1 0 1 0 0 0 0 0 0 0 0 1 0 0 0 0 1 0 1 0
100GOPRO-GOPR3190.JPG 0 0 0 1 1 0 0 0 0 0 0 0 1 0 0 0 0 1 0 0 0
100GOPRO-GOPR2775.JPG 0 0 1 1 1 1 1 1 1 1 1 1 1 1 1 1 1 1 1 1 1
100GOPRO-GOPR2731.JPG 0 0 1 1 1 1 1 1 1 1 1 1 1 1 1 1 1 1 1 1 1
100GOPRO-GOPR3321.JPG 0 1 0 1 0 0 0 0 0 0 0 0 1 0 0 0 0 1 0 0 0
100GOPRO-GOPR2714.JPG 0 1 1 1 1 1 1 1 1 1 1 1 1 1 1 1 1 1 1 1 1
100GOPRO-GOPR2730.JPG 0 0 1 1 1 1 1 1 1 1 1 1 1 1 1 1 1 1 1 1 1
100GOPRO-GOPR2555.JPG 1 1 1 1 1 1 1 1 1 1 1 1 1 1 1 1 1 1 1 1 1
100GOPRO-GOPR2702.JPG 0 1 1 1 1 1 1 1 1 1 1 1 1 1 1 1 1 1 1 1 1
100GOPRO-GOPR3601.JPG 1 1 0 1 0 0 0 0 0 1 0 0 1 0 0 0 0 1 0 1 0
100GOPRO-GOPR2813.JPG 0 0 1 1 1 1 1 1 1 0 1 0 1 1 1 1 1 1 1 1 1
100GOPRO-GOPR3708.JPG 1 1 0 1 0 0 1 1 0 1 1 0 1 0 0 1 0 1 0 1 0
